333.042	41.5
332.582	-41.501885
332.082	16160.76
331.621	21792.148
331.119	21913.069
330.658	22073.982
330.159	22138.039
329.701	22104.976
329.198	22164.753
328.685	22086.615
328.228	21813.485
327.726	22207.504
327.268	22280.847
326.805	22074.581
326.308	21889.299
325.805	21921.94
325.306	22297.779
324.805	21828.824
324.309	21829.105
323.805	22227.219
323.348	22475.209
322.884	22261.544
322.386	22148.293
321.884	22104.337
321.385	22329.633
320.884	22402.695
320.384	22195.751
319.885	22212.076
319.424	22529.562
318.924	22622.221
318.424	22679.938
317.967	22712.303
317.468	22352.229
316.966	22751.498
316.467	22617.348
315.962	22799.607
315.465	22529.522
314.964	22814.427
314.466	22876.62
313.964	22704.133
313.467	22882.167
312.964	23006.136
312.465	23001.067
312.006	23173.084
311.504	23096.766
311.004	23138.812
310.503	23091.291
310.004	23413.236
309.544	23032.746
309.046	23556.112
308.547	23362.521
308.046	23354.301
307.547	23669.216
307.086	23663.765
306.626	23278.187
306.124	23171.396
305.623	23534.155
305.124	23677.4
304.619	23373.137
304.124	23616.713
303.625	23433.286
303.124	23733.317
302.625	23568.052
302.124	23341.708
301.664	23515.644
301.163	23685.79
300.702	23453.746
300.203	23406.318
299.704	23391.739
299.203	23402.112
298.705	23548.696
298.204	23825.965
297.706	23551.397
297.246	23739.245
296.786	23706.714
296.284	23267.941
295.786	23555.523
295.283	23446.791
294.785	23376.588
294.285	23641.564
293.787	23499.769
293.286	23652.328
292.789	23499.872
292.287	23417.476
291.787	23397.882
291.284	23248.888
290.783	22952.807
290.283	23235.881
289.783	23374.81
289.285	23015.323
288.784	23173.712
288.283	23096.706
287.823	23172.731
287.363	23102.732
286.865	23233.023
286.362	23009.581
285.863	22853.549
285.363	23266.639
284.906	22838.628
284.404	22914.657
283.908	22467.088
283.445	22784.233
282.988	22701.08
282.525	22808.553
282.067	22941.405
281.565	22648.635
281.065	22546.147
280.564	22496.524
280.068	22649.105
279.565	22600.418
279.066	22518.709
278.566	22279.167
278.066	22290.141
277.568	22122.729
277.065	22507.053
276.564	21949.046
276.062	22121.142
275.56	22268.185
275.061	22158.428
274.561	21952.356
274.06	21959.133
273.562	21935.713
273.061	21886.992
272.601	22003.93
272.101	22044.883
271.64	22014.473
271.14	22034.41
270.636	21791.189
270.139	21891.438
269.638	21758.432
269.178	21408.108
268.717	21357.388
268.219	21759.361
267.719	21504.947
267.262	21285.896
266.759	21620.507
266.3	21443.475
265.798	21421.309
265.339	21325.203
264.878	21794.034
264.42	21452.876
263.959	21083.392
263.503	21333.627
263.007	21379.909
262.546	21318.663
262.086	21170.116
261.585	20876.064
261.084	20972.349
260.581	21204.677
260.084	20803.27
259.582	21181.435
259.082	21192.317
258.583	21178.3
258.1	20889.339
257.601	20991.1
257.104	20767.412
256.64	20940.111
256.179	20784.267
255.679	20613.717
255.179	20627.771
254.72	20930.634
254.219	20791.657
253.759	20822.565
253.26	20750.733
252.799	20336.281
252.302	20814.579
251.796	20823.702
251.34	20663.589
250.836	20529.472
250.38	20466.781
249.877	20441.073
249.419	20263.549
248.961	20523.176
248.501	20563.394
248.006	20364.545
247.502	20591.436
247.042	20526.016
246.583	20334.082
246.079	20367.611
245.578	20662.461
245.079	20520.312
244.62	20702.073
244.118	20414.88
243.66	20453.102
243.163	20541.262
242.662	20324.932
242.163	20661.353
241.702	20572.501
241.191	20548.564
240.691	20615.851
240.19	20432.006
239.689	20512.451
239.191	20497.306
238.695	20693.027
238.193	20530.854
237.738	20668.662
237.235	20943.577
236.728	20831.004
236.267	21041.152
235.763	21231.006
235.267	20834.763
234.763	21017.884
234.265	21469.566
233.765	21535.65
233.306	21348.344
232.805	21662.039
232.306	21371.115
231.804	21585.761
231.303	21746.002
230.802	21974.591
230.307	22166.524
229.804	21885.807
229.308	22603.09
228.804	22079.54
228.308	22609.359
227.806	22515.424
227.307	22443.258
226.805	22702.484
226.304	22580.266
225.803	22869.456
225.304	22767.407
224.802	23048.175
224.306	23065.866
223.803	22810.689
223.303	22960.011
222.843	23017.925
222.384	23212.975
221.884	23348.906
221.383	22831.119
220.883	23025.823
220.384	23515.851
219.883	23292.781
219.385	23229.156
218.885	23546.892
218.385	23408.814
217.882	23756.844
217.383	23766.233
216.881	24105.119
216.421	23881.883
215.921	23878.093
215.421	23681.933
214.921	23781.261
214.422	24082.837
213.922	23923.431
213.421	24071.962
212.922	24276.869
212.425	24516.815
211.965	24486.68
211.462	24927.715
210.959	24692.198
210.463	24515.423
209.963	25015.734
209.462	24860.283
208.964	25263.332
208.463	25609.229
207.965	25698.036
207.504	25839.866
207.044	26058.945
206.543	26192.821
206.041	25940.726
205.577	26377.37
205.079	26781.219
204.583	27138.325
204.083	27158.856
203.584	27116.293
203.086	27817.105
202.588	27859.344
202.085	28256.111
201.586	28279.17
201.084	28741.961
200.583	29044.972
200.085	29510.733
199.623	29523.511
199.123	29772.6
198.664	30041.215
198.161	30746.509
197.662	30917.351
197.162	31380.937
196.662	31744.623
196.16	32016.06
195.661	32520.572
195.158	32793.568
194.699	33032.901
194.196	33271.432
193.739	33953.216
193.235	34389.496
192.723	34639.03
192.223	35180.13
191.72	35274.886
191.22	36271.135
190.719	36685.391
190.21	37461.478
189.71	37283.706
189.214	37629.602
188.712	38203.812
188.205	38720.818
187.709	39152.639
187.207	39580.544
186.709	39659.605
186.205	40269.349
185.708	40268.875
185.204	40444.304
184.709	40855.589
184.204	40923.213
183.708	41206.967
183.246	41718.181
182.748	42067.391
182.247	42579.387
181.788	42317.465
181.285	42863.972
180.784	43288.146
180.282	43239.902
179.781	43743.227
179.284	44233.035
178.786	44512.959
178.283	44731.276
177.786	45176.84
177.286	45417.371
176.787	45865.055
176.283	46299.38
175.784	46364.105
175.283	45868.967
174.782	46822.586
174.284	47097.906
173.786	47428.843
173.284	47981.464
172.785	47682.183
172.285	47771.291
171.785	48236.18
171.285	48636.748
170.786	48914.814
170.284	49237.875
169.786	49600.943
169.285	49135.758
168.788	50232.817
168.287	50007.544
167.781	50122.535
167.321	50856.418
166.861	50742.919
166.359	51002.08
165.899	50968.8
165.397	51399.9
164.883	51494.209
164.383	51496.759
163.884	51379.522
163.385	51798.712
162.924	51383.569
162.464	52040.051
162.004	51988.773
161.502	52376.392
161.001	51970.574
160.542	52353.418
160.044	52173.69
159.543	52125.495
159.043	51972.729
158.544	52263.078
158.045	52796.118
157.587	52740.931
157.126	52354.077
156.627	52037.798
156.125	52384.638
155.626	52005.233
155.124	53290.584
154.628	52695.583
154.124	52363.681
153.624	52689.798
153.124	52868.344
152.664	52909.859
152.206	53100.947
151.746	52256.642
151.245	52654.317
150.746	52701.117
150.243	53344.965
149.746	52847.583
149.244	52975.935
148.747	52370.974
148.246	52973.404
147.748	52314.571
147.248	52396.615
146.75	53282.894
146.246	52658.051
145.746	53032.608
145.243	52896.132
144.745	52929.099
144.243	52543.562
143.744	52804.109
143.244	52638.138
142.745	52620.036
142.286	53370.956
141.786	53126.755
141.284	53026.488
140.783	52803.864
140.283	52737.576
139.782	52623.016
139.284	52274.694
138.785	52554.893
138.284	51854.264
137.785	51934.888
137.285	51726.617
136.786	51462.958
136.283	50962.078
135.783	50755.041
135.283	50689.323
134.823	50450.176
134.325	50679.116
133.827	50048.192
133.365	50193.027
132.904	50094.179
132.445	50793.311
131.946	50209.41
131.443	50097.09
130.943	50079.61
130.443	50057.231
129.942	50375.853
129.442	50289.194
128.983	50754.746
128.484	50969.126
127.985	50886.637
127.487	51620.579
127.028	51417.91
126.525	52436.626
126.027	52114.758
125.524	53084.267
125.028	53397.864
124.525	53603.603
124.028	53795.656
123.525	54695.559
123.027	55268.823
122.565	55718.358
122.105	57055.828
121.605	58076.124
121.104	58725.909
120.603	59569.224
120.105	60374.64
119.604	61740.818
119.102	63025.472
118.602	63776.968
118.102	64466.932
117.642	65959.056
117.141	67345.153
116.638	67926.794
116.147	68225.145
115.643	69701.914
115.143	69954.395
114.644	71105.687
114.143	71523.668
113.646	71458.258
113.147	70879.888
112.684	70468.13
112.226	69956.895
111.725	69338.406
111.225	67411.722
110.723	65887.501
110.223	62682.256
109.724	60518.494
109.221	58426.681
108.72	55502.908
108.221	53627.411
107.723	51556.851
107.262	50898
106.761	49825.694
106.301	49229.735
105.801	48983.137
105.301	49517.577
104.801	50292.144
104.29	50848.581
103.788	52017.938
103.287	53506.889
102.786	54919.337
102.326	56356.543
101.824	59000.01
101.324	60884.019
100.825	63535.132
100.323	65944.877
99.826	68141.634
99.325	70356.086
98.828	72513.148
98.325	73140.154
97.825	74651.556
97.366	75194.519
96.867	76854.39
96.364	76408.957
95.866	76953.597
95.363	77012.352
94.866	77413.829
94.363	77525.196
93.867	77492.965
93.365	77729.014
92.866	77180.079
92.406	77965.838
91.906	77619.256
91.404	78050.043
90.904	77516.594
90.403	77385.376
89.903	77302.045
89.404	76420.496
88.944	76068.815
88.442	75159.66
87.947	74826.562
87.446	73875.47
86.99	72654.036
86.484	71925.622
85.985	70423.189
85.484	69663.118
84.984	68426.835
84.483	67270.555
83.984	66269.906
83.484	65162.982
83.025	64083.638
82.565	63021.925
82.106	62115.284
81.644	60873.42
81.143	60032.206
80.643	59084.987
80.145	57962.641
79.645	57045.211
79.144	55849.034
78.647	55050.309
78.145	55154.462
77.646	55884.41
77.185	56960.672
76.686	57765.909
76.183	58099.356
75.683	57896.424
75.182	56507.663
74.684	54934.063
74.226	53607.872
73.725	51696.821
73.266	50045.429
72.766	48190.432
72.308	47568.966
71.804	46117.303
71.304	44706.82
70.804	43895.78
70.3	42228.24
69.801	41681.617
69.302	40771.512
68.802	39949.141
68.301	39871.053
67.804	38911.497
67.305	38657.303
66.803	38466.338
66.303	37989.801
65.804	37736.791
65.3	36515.742
64.802	34836.134
64.304	32896.442
63.805	31144.312
63.307	28780.757
62.845	26889.403
62.346	24484.014
61.843	22296.713
61.342	20048.327
60.843	17830.772
60.341	16598.56
59.842	14415.441
59.341	12681.222
58.841	11516.475
58.344	10079.721
57.843	8806.8499
57.344	7933.8503
56.881	7307.1404
56.38	6388.8191
55.878	5805.2333
55.379	5066.0793
54.879	4348.79
54.379	3763.7109
53.921	3203.0885
53.42	2720.1517
52.962	2411.1667
52.475	2267.294
51.967	2155.0761
51.467	2126.5974
50.963	2178.8055
50.465	2233.9874
49.964	2500.1385
49.463	2899.3078
48.964	3152.7271
48.504	3614.5306
48.044	4070.8066
47.586	4838.0125
47.125	5588.5987
46.665	6360.5624
46.164	7106.3721
45.662	7565.2013
45.162	7601.385
44.665	7230.1504
44.164	7090.734
43.666	6646.4761
43.165	6494.1855
42.667	6799.407
42.165	6926.6431
41.708	7566.9873
41.203	7995.8384
40.705	7963.1512
40.202	7649.8829
39.707	7131.6011
39.203	6281.777
38.706	5208.1699
38.244	4461.3604
37.746	3684.562
37.245	3417.3804
36.746	3268.5204
36.244	3309.7406
35.745	3308.4852
35.243	3026.8742
34.745	2507.3481
34.244	1878.7101
33.747	1473.7715
33.25	1122.9065
32.751	927.99326
32.257	937.20407
31.753	875.71066
31.255	867.39385
30.753	759.35332
30.256	649.1539
29.947	600.1753
