$ Sample tag : Temp dependency of DMR
$ DMR
$ 14.05.2013 14:29:28
$eV	counts	K	Sec	Vac
10.2	16	4.60	1.04	1.534E-6
9.6	26	4.60	2.08	1.534E-6
9.0	13	4.60	3.12	1.537E-6
8.9	11	4.60	4.16	1.534E-6
8.2	15	4.60	5.20	1.534E-6
7.8	13	4.60	6.24	1.537E-6
7.1	13	4.60	7.28	1.534E-6
7.0	11	4.60	8.32	1.534E-6
6.7	14	4.60	9.36	1.534E-6
6.6	53	4.60	10.40	1.534E-6
6.7	16	4.60	11.44	1.534E-6
6.2	15	4.60	12.48	1.534E-6
6.1	10	4.60	13.52	1.531E-6
6.0	21	4.60	14.56	1.531E-6
6.0	15	4.60	15.60	1.531E-6
5.9	20	4.60	16.64	1.534E-6
5.9	20	4.60	17.68	1.531E-6
5.9	13	4.60	18.72	1.531E-6
5.9	17	4.60	19.76	1.534E-6
5.9	16	4.60	20.80	1.531E-6
5.9	23	4.60	21.84	1.531E-6
5.9	11	4.60	22.87	1.531E-6
5.8	21	4.60	23.92	1.531E-6
5.8	23	4.60	24.96	1.531E-6
5.8	17	4.60	26.00	1.531E-6
5.8	13	4.60	27.04	1.531E-6
5.8	15	4.60	28.07	1.531E-6
5.8	59	4.60	29.11	1.531E-6
5.8	12	4.60	30.15	1.531E-6
5.8	13	4.60	31.19	1.531E-6
5.8	18	4.60	32.24	1.531E-6
5.8	14	4.60	33.28	1.531E-6
5.8	8	4.60	34.32	1.531E-6
5.8	21	4.60	35.36	1.531E-6
5.8	12	4.60	36.40	1.531E-6
5.8	14	4.60	37.44	1.531E-6
5.8	17	4.60	38.48	1.531E-6
5.8	24	4.60	39.52	1.531E-6
5.8	24	4.60	40.56	1.531E-6
5.8	13	4.60	41.60	1.531E-6
5.8	18	4.60	42.64	1.531E-6
5.8	12	4.60	43.67	1.531E-6
5.7	19	4.60	44.72	1.531E-6
5.7	17	4.60	45.75	1.531E-6
5.7	21	4.60	46.79	1.531E-6
5.7	19	4.60	47.83	1.531E-6
5.7	16	4.60	48.87	1.531E-6
5.7	17	4.60	49.91	1.531E-6
5.7	19	4.60	50.95	1.531E-6
5.7	17	4.60	51.99	1.531E-6
5.7	24	4.60	53.03	1.531E-6
5.7	18	4.60	54.07	1.531E-6
5.7	19	4.60	55.11	1.531E-6
5.7	20	4.60	56.15	1.531E-6
0.0	14	4.60	57.67	1.531E-6
5.7	16	4.60	58.71	1.531E-6
5.7	18	4.60	59.75	1.531E-6
5.7	11	4.60	60.79	1.531E-6
5.7	14	4.60	61.83	1.531E-6
5.7	13	4.60	62.86	1.531E-6
5.7	18	4.60	63.90	1.531E-6
5.7	12	4.60	64.94	1.531E-6
5.7	13	4.60	65.98	1.531E-6
5.7	18	4.60	67.02	1.531E-6
5.7	24	4.60	68.06	1.531E-6
5.7	19	4.60	69.10	1.531E-6
6.1	29	4.60	70.14	1.531E-6
6.3	22	4.60	71.18	1.534E-6
6.6	16	4.60	72.24	1.537E-6
6.9	15	4.60	73.28	1.537E-6
7.2	17	4.60	74.32	1.541E-6
7.5	14	4.60	75.36	1.537E-6
8.0	12	4.60	76.40	1.537E-6
8.5	14	4.60	77.44	1.534E-6
8.9	15	4.60	78.48	1.534E-6
9.4	15	4.60	79.52	1.531E-6
9.8	18	4.60	80.56	1.534E-6
10.3	14	4.60	81.60	1.531E-6
10.6	21	4.60	82.64	1.531E-6
11.0	18	4.60	83.67	1.531E-6
11.3	24	4.60	84.71	1.531E-6
11.6	18	4.60	85.75	1.531E-6
11.9	19	4.60	86.79	1.531E-6
12.1	26	4.60	87.83	1.531E-6
12.4	11	4.60	88.87	1.523E-6
12.6	21	4.60	89.91	1.531E-6
12.8	11	4.60	90.95	1.531E-6
12.9	12	4.60	91.99	1.531E-6
13.1	18	4.60	93.03	1.531E-6
13.2	20	4.60	94.07	1.531E-6
13.3	20	4.60	95.11	1.531E-6
13.4	15	4.60	96.14	1.531E-6
13.5	22	4.60	97.18	1.531E-6
13.7	14	4.60	98.24	1.531E-6
13.8	16	4.60	99.28	1.531E-6
13.9	20	4.60	100.32	1.531E-6
14.0	16	4.60	101.36	1.531E-6
14.1	15	4.60	102.40	1.531E-6
14.2	11	4.60	103.44	1.531E-6
14.3	17	4.60	104.48	1.531E-6
14.4	11	4.60	105.52	1.531E-6
14.5	19	4.60	106.56	1.531E-6
14.6	17	4.60	107.60	1.531E-6
14.7	16	4.60	108.64	1.531E-6
14.8	16	4.60	109.68	1.531E-6
14.9	17	4.60	110.72	1.531E-6
15.0	17	4.60	111.76	1.531E-6
15.1	16	4.60	112.80	1.531E-6
15.2	8	4.60	113.83	1.531E-6
15.3	22	4.60	114.87	1.531E-6
15.4	20	4.60	115.91	1.531E-6
15.5	15	4.60	116.95	1.531E-6
15.7	18	4.60	117.99	1.531E-6
15.9	17	4.60	119.03	1.531E-6
16.0	17	4.60	120.07	1.531E-6
16.2	11	4.60	121.11	1.531E-6
16.4	15	4.60	122.15	1.531E-6
16.6	7	4.60	123.19	1.531E-6
16.7	17	4.60	124.24	1.531E-6
16.9	15	4.60	125.28	1.531E-6
17.0	20	4.60	126.32	1.531E-6
17.2	18	4.60	127.36	1.531E-6
17.4	21	4.60	128.40	1.534E-6
17.5	19	4.60	129.44	1.531E-6
17.7	17	4.60	130.48	1.534E-6
17.9	16	4.60	131.52	1.531E-6
18.1	14	4.60	132.56	1.534E-6
18.2	15	4.60	133.60	1.534E-6
18.4	20	4.60	134.64	1.534E-6
18.6	17	4.60	135.68	1.534E-6
18.7	21	4.60	136.71	1.534E-6
18.9	16	4.60	137.75	1.531E-6
19.1	12	4.60	138.79	1.531E-6
19.2	11	4.60	139.83	1.531E-6
19.4	16	4.60	140.87	1.531E-6
19.5	22	4.60	141.91	1.531E-6
19.7	16	4.60	142.95	1.531E-6
19.8	19	4.60	143.99	1.531E-6
20.0	17	4.60	145.03	1.531E-6
20.1	16	4.60	146.07	1.534E-6
20.3	14	4.60	147.10	1.531E-6
20.4	18	4.60	148.14	1.531E-6
20.6	22	4.60	149.18	1.534E-6
20.8	14	4.60	150.24	1.531E-6
20.9	12	4.60	151.28	1.531E-6
21.1	12	4.60	152.32	1.555E-6
21.3	11	4.60	153.36	1.537E-6
21.4	21	4.60	154.40	1.534E-6
21.6	26	4.60	155.44	1.531E-6
21.8	11	4.60	156.48	1.534E-6
21.9	17	4.60	157.52	1.534E-6
22.1	15	4.60	158.56	1.534E-6
22.2	16	4.60	159.60	1.534E-6
22.4	18	4.60	160.64	1.534E-6
22.5	17	4.60	161.68	1.534E-6
22.7	27	4.60	162.71	1.531E-6
22.9	19	4.60	163.75	1.534E-6
23.0	22	4.60	164.79	1.534E-6
23.2	13	4.60	165.83	1.531E-6
23.4	20	4.60	166.87	1.534E-6
23.5	24	4.60	167.91	1.534E-6
23.7	15	4.60	168.95	1.534E-6
23.8	14	4.60	169.99	1.534E-6
23.9	18	4.60	171.03	1.534E-6
24.1	12	4.60	172.07	1.534E-6
24.3	18	4.60	173.11	1.534E-6
24.5	22	4.60	174.15	1.534E-6
24.7	15	4.60	175.18	1.534E-6
24.8	12	4.60	176.24	1.534E-6
24.9	24	4.60	177.28	1.534E-6
25.1	14	4.60	178.32	1.534E-6
25.3	20	4.60	179.36	1.534E-6
25.5	22	4.60	180.40	1.534E-6
25.6	17	4.60	181.44	1.534E-6
25.8	22	4.60	182.48	1.534E-6
25.9	19	4.60	183.52	1.537E-6
26.1	21	4.60	184.56	1.537E-6
26.2	14	4.60	185.59	1.537E-6
26.4	14	4.60	186.63	1.537E-6
26.6	18	4.60	187.67	1.537E-6
26.7	11	4.60	188.71	1.537E-6
26.9	11	4.60	189.75	1.537E-6
27.0	15	4.60	190.79	1.541E-6
27.2	19	4.60	191.83	1.541E-6
27.4	15	4.60	192.87	1.541E-6
27.6	19	4.60	193.91	1.541E-6
27.7	23	4.60	194.95	1.541E-6
27.9	20	4.60	195.99	1.545E-6
28.0	14	4.60	197.03	1.545E-6
28.2	13	4.60	198.07	1.545E-6
28.3	15	4.60	199.11	1.548E-6
28.5	16	4.60	200.15	1.548E-6
28.6	13	4.60	201.19	1.548E-6
28.8	13	4.60	202.24	1.548E-6
28.9	17	4.60	203.28	1.552E-6
29.1	20	4.60	204.32	1.552E-6
29.2	21	4.60	205.36	1.552E-6
29.4	24	4.60	206.40	1.552E-6
29.6	21	4.60	207.44	1.552E-6
29.8	22	4.60	208.48	1.555E-6
30.0	14	4.60	209.52	1.555E-6
30.1	19	4.60	210.56	1.559E-6
30.3	19	4.60	211.60	1.559E-6
30.5	9	4.60	212.64	1.566E-6
30.7	18	4.60	213.68	1.570E-6
30.9	23	4.60	214.71	1.566E-6
31.0	20	4.60	215.75	1.570E-6
31.2	12	4.60	216.79	1.570E-6
31.4	31	4.60	217.83	1.573E-6
31.5	8	4.60	218.87	1.577E-6
31.7	23	4.60	219.91	1.577E-6
31.8	17	4.60	220.95	1.581E-6
32.0	20	4.60	221.99	1.584E-6
32.1	18	4.60	223.03	1.592E-6
32.3	14	4.60	224.07	1.592E-6
32.4	20	4.60	225.11	1.599E-6
32.6	20	4.60	226.15	1.618E-6
32.7	27	4.60	227.19	1.610E-6
32.9	21	4.60	228.24	1.614E-6
33.0	22	4.60	229.28	1.621E-6
33.2	15	4.60	230.32	1.629E-6
33.4	14	4.60	231.36	1.636E-6
33.6	17	4.60	232.40	1.655E-6
33.7	18	4.60	233.44	1.663E-6
33.9	22	4.60	234.48	1.674E-6
34.1	11	4.60	235.52	1.686E-6
34.3	17	4.60	236.56	1.698E-6
34.5	16	4.60	237.60	1.713E-6
34.7	17	4.60	238.64	1.725E-6
34.9	16	4.60	239.68	1.737E-6
35.1	16	4.60	240.71	1.753E-6
35.3	23	4.60	241.75	1.770E-6
35.5	16	4.60	242.79	1.786E-6
35.7	18	4.60	243.83	1.802E-6
35.9	14	4.60	244.87	1.819E-6
36.1	16	4.60	245.91	1.836E-6
36.3	13	4.60	246.95	1.853E-6
36.6	10	4.60	247.99	1.870E-6
36.8	11	4.60	249.03	1.892E-6
37.0	19	4.60	250.07	1.909E-6
37.2	16	4.60	251.11	1.927E-6
37.4	22	4.60	252.15	1.945E-6
37.6	29	4.60	253.18	1.958E-6
37.8	17	4.60	254.24	1.977E-6
38.0	26	4.60	255.28	1.990E-6
38.2	19	4.60	256.32	2.004E-6
38.4	14	4.60	257.36	2.018E-6
38.6	19	4.60	258.40	2.022E-6
38.8	28	4.60	259.44	2.032E-6
39.0	17	4.60	260.48	2.036E-6
39.2	24	4.60	261.52	2.041E-6
39.4	22	4.60	262.56	2.041E-6
39.6	26	4.60	263.60	2.041E-6
39.7	33	4.60	264.64	2.041E-6
39.9	22	4.60	265.68	2.041E-6
40.1	24	4.60	266.71	2.041E-6
40.3	22	4.60	267.75	2.041E-6
40.5	32	4.60	268.79	2.032E-6
40.7	32	4.60	269.83	2.032E-6
40.8	19	4.60	270.87	2.027E-6
41.0	25	4.60	271.91	2.022E-6
41.2	22	4.60	272.95	2.018E-6
41.3	30	4.60	273.99	2.013E-6
41.5	29	4.60	275.03	2.008E-6
41.7	35	4.60	276.07	2.004E-6
41.8	35	4.60	277.11	1.995E-6
42.0	28	4.60	278.15	1.990E-6
42.2	28	4.60	279.19	1.995E-6
42.3	33	4.60	280.24	1.977E-6
42.5	17	4.60	281.28	1.972E-6
42.7	27	4.60	282.32	1.963E-6
42.8	38	4.60	283.36	1.958E-6
43.0	40	4.60	284.40	1.945E-6
43.1	42	4.60	285.44	1.940E-6
43.3	33	4.60	286.48	1.931E-6
43.4	43	4.60	287.52	1.927E-6
43.6	47	4.60	288.56	1.922E-6
43.7	54	4.60	289.60	1.914E-6
43.9	52	4.60	290.64	1.905E-6
44.0	41	4.60	291.68	1.901E-6
44.1	46	4.60	292.72	1.896E-6
44.3	55	4.60	293.76	1.892E-6
44.4	51	4.60	294.80	1.883E-6
44.6	54	4.60	295.83	1.879E-6
44.7	52	4.60	296.87	1.870E-6
44.8	63	4.60	297.91	1.866E-6
45.0	54	4.60	298.95	1.862E-6
45.1	61	4.60	299.99	1.853E-6
45.3	35	4.60	301.03	1.853E-6
45.4	77	4.60	302.07	1.844E-6
45.5	70	4.60	303.11	1.840E-6
45.7	61	4.60	304.15	1.853E-6
45.8	80	4.60	305.19	1.832E-6
46.0	58	4.60	306.24	1.832E-6
46.2	62	4.60	307.28	1.827E-6
46.3	81	4.60	308.32	1.827E-6
46.5	62	4.60	309.36	1.823E-6
46.6	78	4.60	310.40	1.815E-6
46.8	70	4.60	311.44	1.815E-6
47.0	78	4.60	312.48	1.811E-6
47.2	76	4.60	313.52	1.811E-6
47.3	84	4.60	314.56	1.807E-6
47.5	73	4.60	315.60	1.807E-6
47.7	77	4.60	316.64	1.802E-6
47.9	74	4.60	317.68	1.794E-6
48.1	73	4.60	318.71	1.798E-6
48.3	96	4.60	319.75	1.794E-6
48.5	110	4.60	320.79	1.794E-6
48.7	108	4.60	321.83	1.790E-6
48.9	94	4.60	322.87	1.786E-6
49.1	103	4.60	323.91	1.786E-6
49.3	127	4.60	324.95	1.782E-6
49.5	97	4.60	325.99	1.761E-6
49.7	99	4.60	327.03	1.774E-6
49.9	131	4.60	328.07	1.774E-6
50.1	125	4.60	329.11	1.770E-6
50.3	98	4.60	330.14	1.790E-6
50.5	113	4.60	331.18	1.770E-6
50.7	124	4.60	332.24	1.758E-6
50.9	133	4.60	333.28	1.758E-6
51.1	136	4.60	334.32	1.753E-6
51.3	131	4.60	335.36	1.749E-6
51.5	134	4.60	336.40	1.749E-6
51.8	165	4.60	337.44	1.741E-6
52.0	132	4.60	338.48	1.737E-6
52.2	168	4.60	339.52	1.737E-6
52.4	158	4.60	340.56	1.729E-6
52.6	161	4.60	341.60	1.729E-6
52.8	166	4.60	342.64	1.725E-6
53.0	207	4.60	343.68	1.721E-6
53.2	185	4.60	344.71	1.706E-6
53.4	189	4.60	345.75	1.717E-6
53.6	185	4.60	346.79	1.706E-6
53.8	203	4.60	347.83	1.709E-6
54.0	191	4.60	348.87	1.706E-6
54.2	225	4.60	349.91	1.706E-6
54.4	218	4.60	350.95	1.702E-6
54.5	218	4.60	351.99	1.702E-6
54.7	234	4.60	353.03	1.702E-6
54.9	254	4.60	354.07	1.694E-6
55.1	279	4.60	355.11	1.694E-6
55.3	238	4.60	356.14	1.694E-6
55.5	262	4.60	357.18	1.690E-6
55.6	272	4.60	358.24	1.690E-6
55.8	303	4.60	359.28	1.686E-6
56.0	298	4.60	360.32	1.686E-6
56.2	323	4.60	361.36	1.682E-6
56.4	311	4.60	362.40	1.682E-6
56.5	327	4.60	363.44	1.678E-6
56.7	332	4.60	364.48	1.678E-6
56.9	366	4.60	365.52	1.674E-6
57.1	336	4.60	366.56	1.674E-6
57.2	398	4.60	367.60	1.674E-6
57.4	365	4.60	368.64	1.674E-6
57.6	412	4.60	369.68	1.674E-6
57.7	394	4.60	370.71	1.670E-6
57.9	394	4.60	371.75	1.670E-6
58.1	411	4.60	372.79	1.670E-6
58.2	398	4.60	373.83	1.670E-6
58.4	493	4.60	374.87	1.682E-6
58.6	506	4.60	375.91	1.670E-6
58.7	509	4.60	376.95	1.670E-6
58.9	539	4.60	377.99	1.670E-6
59.0	572	4.60	379.03	1.670E-6
59.2	597	4.60	380.07	1.667E-6
59.3	594	4.60	381.11	1.667E-6
59.5	648	4.60	382.14	1.667E-6
59.7	621	4.60	383.18	1.667E-6
59.8	715	4.60	384.24	1.667E-6
60.0	691	4.60	385.28	1.663E-6
60.1	711	4.60	386.32	1.667E-6
60.3	766	4.60	387.36	1.667E-6
60.4	766	4.60	388.40	1.663E-6
60.6	748	4.60	389.44	1.667E-6
60.7	831	4.60	390.48	1.655E-6
60.9	819	4.60	391.52	1.663E-6
61.0	865	4.60	392.56	1.663E-6
61.2	962	4.60	393.60	1.663E-6
61.3	936	4.60	394.64	1.663E-6
61.5	958	4.60	395.68	1.663E-6
61.6	982	4.60	396.71	1.663E-6
61.8	1029	4.60	397.75	1.663E-6
61.9	1068	4.60	398.79	1.663E-6
62.1	1071	4.60	399.83	1.663E-6
62.2	1086	4.60	400.87	1.663E-6
62.4	1080	4.60	401.91	1.663E-6
62.5	1115	4.60	402.95	1.663E-6
62.7	1190	4.60	403.99	1.663E-6
62.8	1218	4.60	405.03	1.663E-6
62.9	1222	4.60	406.07	1.663E-6
63.1	1234	4.60	407.11	1.663E-6
63.2	1214	4.60	408.15	1.663E-6
63.4	1219	4.60	409.19	1.663E-6
63.5	1264	4.60	410.24	1.663E-6
63.7	1288	4.60	411.28	1.663E-6
63.8	1268	4.60	412.32	1.663E-6
64.0	1287	4.60	413.36	1.663E-6
64.1	1269	4.60	414.40	1.663E-6
64.2	1296	4.60	415.44	1.663E-6
64.4	1294	4.60	416.48	1.663E-6
64.5	1236	4.60	417.52	1.663E-6
64.7	1178	4.60	418.56	1.663E-6
64.8	1204	4.60	419.60	1.667E-6
65.0	1166	4.60	420.64	1.667E-6
65.1	1109	4.60	421.68	1.667E-6
65.3	1148	4.60	422.71	1.667E-6
65.4	1119	4.60	423.75	1.667E-6
65.5	1090	4.60	424.79	1.667E-6
65.7	1088	4.60	425.83	1.667E-6
65.8	1008	4.60	426.87	1.667E-6
66.0	963	4.60	427.91	1.670E-6
66.1	1002	4.60	428.95	1.670E-6
66.3	952	4.60	429.99	1.670E-6
66.4	923	4.60	431.03	1.670E-6
66.6	909	4.60	432.07	1.670E-6
66.7	902	4.60	433.11	1.670E-6
66.8	827	4.60	434.14	1.674E-6
67.0	845	4.60	435.18	1.674E-6
67.1	814	4.60	436.24	1.674E-6
67.3	766	4.60	437.28	1.674E-6
67.4	795	4.60	438.32	1.674E-6
67.6	803	4.60	439.36	1.674E-6
67.7	797	4.60	440.40	1.678E-6
67.9	773	4.60	441.44	1.678E-6
68.0	720	4.60	442.48	1.678E-6
68.2	688	4.60	443.52	1.678E-6
68.3	773	4.60	444.56	1.682E-6
68.5	662	4.60	445.60	1.682E-6
68.6	683	4.60	446.64	1.682E-6
68.8	664	4.60	447.68	1.682E-6
68.9	656	4.60	448.71	1.686E-6
69.1	642	4.60	449.75	1.686E-6
69.2	587	4.60	450.79	1.686E-6
69.4	608	4.60	451.83	1.690E-6
69.5	610	4.60	452.87	1.690E-6
69.7	558	4.60	453.91	1.694E-6
69.8	599	4.60	454.95	1.694E-6
70.0	571	4.60	455.99	1.698E-6
70.1	591	4.60	457.03	1.694E-6
70.3	543	4.60	458.07	1.694E-6
70.4	537	4.60	459.11	1.698E-6
70.6	543	4.60	460.15	1.698E-6
70.7	521	4.60	461.19	1.698E-6
70.9	510	4.60	462.24	1.706E-6
71.1	571	4.60	463.28	1.702E-6
71.2	511	4.60	464.32	1.706E-6
71.4	521	4.60	465.36	1.709E-6
71.5	477	4.60	466.40	1.713E-6
71.7	490	4.60	467.44	1.725E-6
71.9	501	4.60	468.48	1.713E-6
72.0	479	4.60	469.52	1.717E-6
72.2	500	4.60	470.56	1.702E-6
72.3	439	4.60	471.60	1.721E-6
72.5	430	4.60	472.64	1.721E-6
72.7	456	4.60	473.68	1.725E-6
72.8	421	4.60	474.71	1.729E-6
73.0	452	4.60	475.75	1.729E-6
73.2	381	4.60	476.79	1.721E-6
73.3	413	4.60	477.83	1.741E-6
73.5	432	4.60	478.87	1.741E-6
73.7	367	4.60	479.91	1.749E-6
73.8	409	4.60	480.95	1.753E-6
74.0	409	4.60	481.99	1.761E-6
74.2	358	4.60	483.03	1.761E-6
74.3	386	4.60	484.07	1.774E-6
74.5	346	4.60	485.11	1.782E-6
74.7	408	4.60	486.14	1.790E-6
74.8	356	4.60	487.18	1.798E-6
75.0	359	4.60	488.24	1.807E-6
75.2	328	4.60	489.28	1.815E-6
75.3	343	4.60	490.32	1.823E-6
75.5	334	4.60	491.36	1.832E-6
75.7	341	4.60	492.40	1.840E-6
75.9	318	4.60	493.44	1.844E-6
76.0	322	4.60	494.48	1.866E-6
76.2	300	4.60	495.52	1.879E-6
76.4	302	4.60	496.56	1.892E-6
76.6	323	4.60	497.60	1.905E-6
76.7	312	4.60	498.64	1.918E-6
76.9	302	4.60	499.68	1.927E-6
77.1	296	4.60	500.71	1.936E-6
77.3	318	4.60	501.76	1.945E-6
77.4	342	4.60	502.80	1.949E-6
77.6	292	4.60	503.83	1.945E-6
77.8	305	4.60	504.87	1.958E-6
78.0	285	4.60	505.91	1.963E-6
78.1	268	4.60	506.95	1.972E-6
78.3	284	4.60	507.99	1.999E-6
78.5	267	4.60	509.03	1.986E-6
78.7	252	4.60	510.07	1.990E-6
78.8	215	4.60	511.11	1.990E-6
79.0	263	4.60	512.15	1.995E-6
79.2	221	4.60	513.19	1.999E-6
79.4	266	4.60	514.24	1.999E-6
79.5	217	4.60	515.28	2.004E-6
79.7	224	4.60	516.32	2.008E-6
79.9	212	4.60	517.36	2.013E-6
80.1	212	4.60	518.40	2.022E-6
80.3	225	4.60	519.44	2.022E-6
80.4	245	4.60	520.48	2.027E-6
80.6	238	4.60	521.52	2.032E-6
80.8	200	4.60	522.56	2.036E-6
81.0	201	4.60	523.60	2.041E-6
81.1	229	4.60	524.64	2.046E-6
81.3	212	4.60	525.67	2.051E-6
81.5	186	4.60	526.71	2.055E-6
81.7	187	4.60	527.75	2.055E-6
81.9	190	4.60	528.80	2.060E-6
82.0	185	4.60	529.84	2.065E-6
82.2	184	4.60	530.87	2.065E-6
82.4	205	4.60	531.92	2.070E-6
82.6	144	4.60	532.96	2.070E-6
82.8	177	4.60	534.00	2.079E-6
82.9	172	4.60	535.03	2.084E-6
83.1	185	4.60	536.07	2.089E-6
83.3	187	4.60	537.11	2.089E-6
83.5	177	4.60	538.15	2.093E-6
83.6	159	4.60	539.19	2.098E-6
83.8	176	4.60	540.24	2.079E-6
84.0	191	4.60	541.28	2.103E-6
84.2	162	4.60	542.32	2.108E-6
84.4	176	4.60	543.36	2.113E-6
84.5	191	4.60	544.40	2.118E-6
84.7	163	4.60	545.44	2.123E-6
84.9	147	4.60	546.48	2.128E-6
85.1	170	4.60	547.52	2.132E-6
85.2	149	4.60	548.56	2.132E-6
85.4	161	4.60	549.60	2.137E-6
85.6	140	4.60	550.64	2.142E-6
85.8	152	4.60	551.67	2.142E-6
85.9	181	4.60	552.71	2.147E-6
86.1	151	4.60	553.75	2.152E-6
86.3	169	4.60	554.79	2.157E-6
86.5	145	4.60	555.83	2.162E-6
86.7	172	4.60	556.87	2.162E-6
86.8	168	4.60	557.91	2.167E-6
87.0	189	4.60	558.95	2.167E-6
87.2	172	4.60	559.99	2.172E-6
87.3	170	4.60	561.03	2.177E-6
87.5	155	4.60	562.07	2.182E-6
87.7	136	4.60	563.11	2.182E-6
87.9	158	4.60	564.14	2.187E-6
88.1	159	4.60	565.18	2.192E-6
88.2	171	4.60	566.24	2.192E-6
88.4	152	4.60	567.28	2.197E-6
88.6	157	4.60	568.32	2.202E-6
88.8	158	4.60	569.36	2.207E-6
89.0	164	4.60	570.40	2.213E-6
89.1	147	4.60	571.44	2.218E-6
89.3	143	4.60	572.48	2.218E-6
89.5	175	4.60	573.52	2.223E-6
89.7	159	4.60	574.56	2.228E-6
89.8	142	4.60	575.60	2.233E-6
90.0	153	4.60	576.64	2.233E-6
90.2	148	4.60	577.67	2.238E-6
90.4	156	4.60	578.71	2.243E-6
90.5	153	4.60	579.75	2.248E-6
90.7	130	4.60	580.79	2.248E-6
90.9	131	4.60	581.83	2.254E-6
91.0	152	4.60	582.87	2.254E-6
91.2	135	4.60	583.91	2.259E-6
91.4	152	4.60	584.95	2.264E-6
91.6	140	4.60	585.99	2.269E-6
91.8	148	4.60	587.03	2.274E-6
91.9	180	4.60	588.07	2.274E-6
92.1	150	4.60	589.11	2.280E-6
92.3	155	4.60	590.15	2.280E-6
92.5	152	4.60	591.19	2.285E-6
92.6	128	4.60	592.24	2.290E-6
92.8	145	4.60	593.28	2.290E-6
93.0	137	4.60	594.32	2.295E-6
93.1	138	4.60	595.36	2.301E-6
93.3	139	4.60	596.40	2.306E-6
93.5	151	4.60	597.44	2.311E-6
93.7	113	4.60	598.48	2.311E-6
93.8	117	4.60	599.52	2.317E-6
94.0	125	4.60	600.56	2.322E-6
94.2	120	4.60	601.60	2.322E-6
94.4	151	4.60	602.64	2.322E-6
94.5	114	4.60	603.67	2.333E-6
94.7	129	4.60	604.71	2.333E-6
94.9	128	4.60	605.75	2.333E-6
95.1	130	4.60	606.79	2.338E-6
95.2	143	4.60	607.83	2.344E-6
95.4	104	4.60	608.87	2.344E-6
95.6	116	4.60	609.91	2.349E-6
95.8	125	4.60	610.95	2.338E-6
96.0	112	4.60	611.99	2.354E-6
96.1	109	4.60	613.03	2.360E-6
96.3	104	4.60	614.07	2.360E-6
96.5	120	4.60	615.11	2.365E-6
96.6	104	4.60	616.15	2.365E-6
96.8	130	4.60	617.19	2.371E-6
97.0	106	4.60	618.24	2.371E-6
97.2	105	4.60	619.28	2.376E-6
97.3	109	4.60	620.32	2.382E-6
97.5	109	4.60	621.36	2.382E-6
97.7	90	4.60	622.40	2.387E-6
97.9	84	4.60	623.44	2.393E-6
98.0	84	4.60	624.48	2.398E-6
98.2	92	4.60	625.52	2.398E-6
98.4	78	4.60	626.56	2.404E-6
98.5	107	4.60	627.60	2.409E-6
98.7	97	4.60	628.64	2.409E-6
98.9	95	4.60	629.67	2.415E-6
99.1	93	4.60	630.71	2.415E-6
99.3	95	4.60	631.75	2.420E-6
99.4	72	4.60	632.79	2.420E-6
99.6	68	4.60	633.83	2.426E-6
99.8	89	4.60	634.87	2.426E-6
100.0	75	4.60	635.91	2.431E-6
100.1	50	4.60	636.95	2.431E-6
100.3	67	4.60	637.99	2.431E-6
100.5	96	4.60	639.03	2.437E-6
100.7	71	4.60	640.07	2.443E-6
100.8	53	4.60	641.11	2.443E-6
101.0	64	4.60	642.14	2.448E-6
101.2	70	4.60	643.18	2.448E-6
101.3	66	4.60	644.24	2.454E-6
101.5	42	4.60	645.28	2.454E-6
101.7	71	4.60	646.32	2.460E-6
101.9	65	4.60	647.36	2.460E-6
102.0	67	4.60	648.40	2.465E-6
102.2	56	4.60	649.44	2.465E-6
102.4	73	4.60	650.48	2.471E-6
102.6	46	4.60	651.52	2.471E-6
102.7	60	4.60	652.56	2.477E-6
102.9	61	4.60	653.60	2.477E-6
103.1	49	4.60	654.64	2.483E-6
103.3	74	4.60	655.67	2.483E-6
103.4	48	4.60	656.71	2.483E-6
103.6	46	4.60	657.75	2.488E-6
103.8	50	4.60	658.79	2.488E-6
104.0	54	4.60	659.83	2.488E-6
104.2	45	4.60	660.87	2.494E-6
104.3	56	4.60	661.91	2.494E-6
104.5	49	4.60	662.95	2.494E-6
104.7	41	4.60	664.00	2.500E-6
104.9	36	4.60	665.03	2.500E-6
105.0	48	4.60	666.07	2.500E-6
105.2	36	4.60	667.11	2.500E-6
105.4	43	4.60	668.15	2.505E-6
105.5	39	4.60	669.19	2.505E-6
105.7	42	4.60	670.24	2.523E-6
105.9	37	4.60	671.28	2.511E-6
106.1	29	4.60	672.32	2.517E-6
106.3	36	4.60	673.36	2.517E-6
106.4	33	4.60	674.40	2.517E-6
106.6	32	4.60	675.44	2.523E-6
106.8	31	4.60	676.48	2.523E-6
107.0	39	4.60	677.52	2.523E-6
107.2	29	4.60	678.56	2.523E-6
107.3	41	4.60	679.60	2.523E-6
107.5	29	4.60	680.64	2.529E-6
107.7	24	4.60	681.67	2.529E-6
107.8	29	4.60	682.71	2.535E-6
108.0	33	4.60	683.75	2.535E-6
108.2	23	4.60	684.79	2.535E-6
108.4	27	4.60	685.83	2.541E-6
108.6	26	4.60	686.87	2.564E-6
108.7	25	4.60	687.91	2.552E-6
108.9	29	4.60	688.95	2.546E-6
109.1	30	4.60	689.99	2.546E-6
109.3	23	4.60	691.03	2.546E-6
109.5	29	4.60	692.07	2.552E-6
109.6	17	4.60	693.11	2.552E-6
109.8	28	4.60	694.14	2.552E-6
110.0	23	4.60	695.18	2.552E-6
110.2	17	4.60	696.24	2.552E-6
110.3	19	4.60	697.28	2.552E-6
110.5	66	4.60	698.32	2.552E-6
110.7	24	4.60	699.36	2.564E-6
110.9	23	4.60	700.40	2.558E-6
111.0	19	4.60	701.44	2.558E-6
111.2	29	4.60	702.48	2.558E-6
111.4	23	4.60	703.52	2.558E-6
111.6	12	4.60	704.56	2.564E-6
111.8	15	4.60	705.60	2.564E-6
111.9	17	4.60	706.64	2.564E-6
112.1	20	4.60	707.68	2.552E-6
112.3	24	4.60	708.72	2.570E-6
112.5	31	4.60	709.75	2.570E-6
112.6	17	4.60	710.79	2.570E-6
112.8	19	4.60	711.84	2.570E-6
113.0	28	4.60	712.87	2.570E-6
113.2	24	4.60	713.91	2.576E-6
113.3	29	4.60	714.95	2.576E-6
113.5	16	4.60	715.99	2.576E-6
113.7	18	4.60	717.03	2.576E-6
113.9	19	4.60	718.07	2.576E-6
114.1	7	4.60	719.11	2.576E-6
114.2	13	4.60	720.15	2.576E-6
114.4	25	4.60	721.19	2.582E-6
114.6	20	4.60	722.24	2.582E-6
114.8	22	4.60	723.28	2.582E-6
114.9	21	4.60	724.32	2.582E-6
115.1	26	4.60	725.36	2.582E-6
115.3	19	4.60	726.40	2.582E-6
115.5	22	4.60	727.44	2.588E-6
115.7	12	4.60	728.48	2.588E-6
115.8	23	4.60	729.52	2.588E-6
116.0	16	4.60	730.56	2.588E-6
116.2	14	4.60	731.60	2.588E-6
116.4	29	4.60	732.64	2.588E-6
116.5	14	4.60	733.67	2.588E-6
116.7	19	4.60	734.71	2.588E-6
116.9	22	4.60	735.75	2.594E-6
117.1	26	4.60	736.79	2.588E-6
117.2	16	4.60	737.83	2.594E-6
117.4	12	4.60	738.87	2.594E-6
117.6	30	4.60	739.91	2.594E-6
117.8	15	4.60	740.95	2.594E-6
118.0	21	4.60	741.99	2.594E-6
118.1	14	4.60	743.03	2.594E-6
118.3	19	4.60	744.07	2.594E-6
118.5	17	4.60	745.11	2.594E-6
118.7	16	4.60	746.14	2.594E-6
118.8	18	4.60	747.18	2.600E-6
119.0	15	4.60	748.24	2.594E-6
119.2	24	4.60	749.28	2.600E-6
119.4	30	4.60	750.32	2.600E-6
119.6	21	4.60	751.36	2.600E-6
119.8	25	4.60	752.40	2.600E-6
119.9	18	4.60	753.44	2.600E-6
120.1	12	4.60	754.48	2.600E-6
120.3	16	4.60	755.52	2.600E-6
120.4	21	4.60	756.56	2.600E-6
120.6	23	4.60	757.60	2.612E-6
120.8	14	4.60	758.64	2.606E-6
121.0	20	4.60	759.68	2.600E-6
121.1	18	4.60	760.72	2.600E-6
121.3	11	4.60	761.75	2.600E-6
121.5	16	4.60	762.79	2.600E-6
121.6	21	4.60	763.83	2.600E-6
121.8	15	4.60	764.87	2.606E-6
122.0	28	4.60	765.91	2.600E-6
122.1	27	4.60	766.95	2.606E-6
122.3	14	4.60	767.99	2.606E-6
122.4	25	4.60	769.03	2.606E-6
122.6	11	4.60	770.07	2.606E-6
122.8	21	4.60	771.11	2.600E-6
122.9	22	4.60	772.14	2.606E-6
